
----------------------------------------------------------------
init/setup service

VCHI State Instance & Connection   0x08573600 0x00000000

VCOS Event Init Success!   0x001763D8

version                        0x0000000F
version_min                    0x0000000A
service_id                     0x6D6D616C
connection                     0x00000000
rx_fifo_size                   0x00000000
tx_fifo_size                   0x00000000
callback                       0x00075728
callback_param                 0x001763D8
want_unaligned_bulk_rx         0x00000000
want_unaligned_bulk_tx         0x00000000
want_crc                       0x00000000

MMALservice opened! 0x0859E2C0

----------------------------------------------------------------
create/enable service

Raw TX
6D 6D 61 6C 04 00 00 00 00 00 00 00 01 00 00 00 
00 00 00 00 00 00 00 00 00 00 00 00 72 69 6C 2E 
76 69 64 65 6F 5F 64 65 63 6F 64 65 00 00 00 00 
00 00 00 00 00 00 00 00 00 00 00 00 00 00 00 00 
00 00 00 00 00 00 00 00 00 00 00 00 00 00 00 00 
00 00 00 00 00 00 00 00 00 00 00 00 00 00 00 00 
00 00 00 00 00 00 00 00 00 00 00 00 00 00 00 00 
00 00 00 00 00 00 00 00 00 00 00 00 00 00 00 00 
00 00 00 00 00 00 00 00 00 00 00 00 00 00 00 00 
00 00 00 00 00 00 00 00 00 00 00 00 00 00 00 00 


Raw RX
6D 6D 61 6C 04 00 00 00 04 BD 35 1F 01 00 00 00 
00 00 00 00 00 00 00 00 00 00 00 00 40 00 00 00 
01 00 00 00 01 00 00 00 01 00 00 00 


Create Component Success!      0x00000040

Number of In / Output Ports    0x00000001 0x00000001

Number of Clock Ports          0x00000001

Raw TX
6D 6D 61 6C 06 00 00 00 00 00 00 00 02 00 00 00 
00 00 00 00 00 00 00 00 40 00 00 00 


Raw RX
6D 6D 61 6C 06 00 00 00 04 BD 35 1F 02 00 00 00 
00 00 00 00 00 00 00 00 00 00 00 00 


Enable Component Success 0x00000040

----------------------------------------------------------------
get the vchi state

Raw TX
6D 6D 61 6C 08 00 00 00 00 00 00 00 03 00 00 00 
00 00 00 00 00 00 00 00 40 00 00 00 02 00 00 00 
00 00 00 00 


Raw RX
6D 6D 61 6C 08 00 00 00 04 BD 35 1F 03 00 00 00 
00 00 00 00 00 00 00 00 00 00 00 00 40 00 00 00 
02 00 00 00 00 00 00 00 00 00 00 00 01 00 00 00 
60 79 69 1F 2C 88 69 1F 02 00 00 00 01 00 00 00 
00 00 00 00 80 88 69 1F 01 00 00 00 00 08 00 00 
00 00 00 00 14 00 00 00 00 40 01 00 01 00 00 00 
00 08 00 00 00 23 69 1F 08 00 36 1F 02 00 00 00 
03 00 00 00 48 32 36 34 00 00 00 00 A0 88 69 1F 
00 00 00 00 00 00 00 00 00 00 00 00 00 00 00 00 
00 00 00 00 00 00 00 00 00 00 00 00 00 00 00 00 
00 00 00 00 00 00 00 00 00 00 00 00 00 00 01 00 
00 00 00 00 00 00 00 00 00 00 00 00 00 00 00 00 
00 00 00 00 00 00 00 00 00 00 00 00 00 00 00 00 
00 00 00 00 00 00 00 00 00 00 00 00 00 00 00 00 
00 00 00 00 00 00 00 00 00 00 00 00 00 00 00 00 
00 00 00 00 00 00 00 00 00 00 00 00 00 00 00 00 
00 00 00 00 00 00 00 00 00 00 00 00 00 00 00 00 
00 00 00 00 00 00 00 00 00 00 00 00 00 00 00 00 
00 00 00 00 00 00 00 00 00 00 00 00 00 00 00 00 
00 00 00 00 00 00 00 00 00 00 00 00 

status                         0x00000000
component_handle               0x00000040
port_type                      0x00000002
port_index                     0x00000000
found                          0x00000000
port_handle                    0x00000001
port.priv                      0x1F697960
port.name                      0x1F69882C
port.type                      0x00000002
port.index                     0x00000001
port.index_all                 0x00000000
port.is_enabled                0x00000000
port.format                    0x1F698880
port.buffer_num_min            0x00000001
port.buffer_size_min           0x00000800
port.buffer_alignment_min      0x00000000
port.buffer_num_recommended    0x00000014
port.buffer_size_recommended   0x00014000
port.buffer_num              * 0x00000001
port.buffer_size             * 0x00000800
port.component                 0x1F692300
port.userdata                * 0x1F360008
port.capabilities              0x00000002
format.type                  * 0x00000003
format.encoding              * 0x34363248
format.encoding_variant      * 0x00000000
format.es                      0x1F6988A0
format.bitrate               * 0x00000000
format.flags                 * 0x00000000
format.extradata_size       ** 0x00000000
format.extradata            ** 0x00000000
es.video.width               * 0x00000000
es.video.height              * 0x00000000
es.video.crop.x              * 0x00000000
es.video.crop.y              * 0x00000000
es.video.crop.width          * 0x00000000
es.video.crop.height         * 0x00000000
es.video.frame_rate.num      * 0x00000000
es.video.frame_rate.den      * 0x00010000
es.video.par.num             * 0x00000000
es.video.par.den             * 0x00000000
es.video.color_space           0x00000000

extradata



Get Port Info Success! 0x00000001

Raw TX
6D 6D 61 6C 08 00 00 00 00 00 00 00 04 00 00 00 
00 00 00 00 00 00 00 00 40 00 00 00 03 00 00 00 
00 00 00 00 


Raw RX
6D 6D 61 6C 08 00 00 00 04 BD 35 1F 04 00 00 00 
00 00 00 00 00 00 00 00 00 00 00 00 40 00 00 00 
03 00 00 00 00 00 00 00 00 00 00 00 02 00 00 00 
A0 89 69 1F 6C 98 69 1F 03 00 00 00 02 00 00 00 
00 00 00 00 C0 98 69 1F 01 00 00 00 00 C2 01 00 
00 00 00 00 01 00 00 00 00 C2 01 00 01 00 00 00 
00 C2 01 00 00 23 69 1F E4 00 36 1F 02 00 00 00 
03 00 00 00 49 34 32 30 00 00 00 00 E0 98 69 1F 
00 00 00 00 00 00 00 00 00 00 00 00 00 00 00 00 
40 01 00 00 F0 00 00 00 00 00 00 00 00 00 00 00 
40 01 00 00 F0 00 00 00 00 00 00 00 00 00 01 00 
00 00 00 00 00 00 00 00 00 00 00 00 00 00 00 00 
00 00 00 00 00 00 00 00 00 00 00 00 00 00 00 00 
00 00 00 00 00 00 00 00 00 00 00 00 00 00 00 00 
00 00 00 00 00 00 00 00 00 00 00 00 00 00 00 00 
00 00 00 00 00 00 00 00 00 00 00 00 00 00 00 00 
00 00 00 00 00 00 00 00 00 00 00 00 00 00 00 00 
00 00 00 00 00 00 00 00 00 00 00 00 00 00 00 00 
00 00 00 00 00 00 00 00 00 00 00 00 00 00 00 00 
00 00 00 00 00 00 00 00 00 00 00 00 

status                         0x00000000
component_handle               0x00000040
port_type                      0x00000003
port_index                     0x00000000
found                          0x00000000
port_handle                    0x00000002
port.priv                      0x1F6989A0
port.name                      0x1F69986C
port.type                      0x00000003
port.index                     0x00000002
port.index_all                 0x00000000
port.is_enabled                0x00000000
port.format                    0x1F6998C0
port.buffer_num_min            0x00000001
port.buffer_size_min           0x0001C200
port.buffer_alignment_min      0x00000000
port.buffer_num_recommended    0x00000001
port.buffer_size_recommended   0x0001C200
port.buffer_num              * 0x00000001
port.buffer_size             * 0x0001C200
port.component                 0x1F692300
port.userdata                * 0x1F3600E4
port.capabilities              0x00000002
format.type                  * 0x00000003
format.encoding              * 0x30323449
format.encoding_variant      * 0x00000000
format.es                      0x1F6998E0
format.bitrate               * 0x00000000
format.flags                 * 0x00000000
format.extradata_size       ** 0x00000000
format.extradata            ** 0x00000000
es.video.width               * 0x00000140
es.video.height              * 0x000000F0
es.video.crop.x              * 0x00000000
es.video.crop.y              * 0x00000000
es.video.crop.width          * 0x00000140
es.video.crop.height         * 0x000000F0
es.video.frame_rate.num      * 0x00000000
es.video.frame_rate.den      * 0x00010000
es.video.par.num             * 0x00000000
es.video.par.den             * 0x00000000
es.video.color_space           0x00000000

extradata



Get Port Info Success! 0x00000002

----------------------------------------------------------------

Raw TX
6D 6D 61 6C 09 00 00 00 00 00 00 00 05 00 00 00 
00 00 00 00 00 00 00 00 40 00 00 00 02 00 00 00 
00 00 00 00 00 00 00 00 00 00 00 00 02 00 00 00 
00 00 00 00 01 00 00 00 00 00 00 00 02 00 00 00 
00 00 10 00 00 00 00 00 02 00 00 00 00 00 10 00 
02 00 00 00 00 00 10 00 00 00 00 00 00 00 00 00 
00 00 00 00 03 00 00 00 48 32 36 34 00 00 00 00 
00 00 00 00 00 00 00 00 00 00 00 00 00 00 00 00 
00 00 00 00 00 00 00 00 00 00 00 00 00 00 00 00 
00 00 00 00 00 00 00 00 00 00 00 00 00 00 00 00 
00 00 00 00 00 00 00 00 00 00 00 00 00 00 00 00 
00 00 00 00 00 00 00 00 00 00 00 00 00 00 00 00 
00 00 00 00 00 00 00 00 00 00 00 00 00 00 00 00 
00 00 00 00 00 00 00 00 00 00 00 00 00 00 00 00 
00 00 00 00 00 00 00 00 00 00 00 00 00 00 00 00 
00 00 00 00 00 00 00 00 00 00 00 00 00 00 00 00 
00 00 00 00 00 00 00 00 00 00 00 00 00 00 00 00 
00 00 00 00 00 00 00 00 00 00 00 00 00 00 00 00 
00 00 00 00 00 00 00 00 00 00 00 00 00 00 00 00 


Raw RX
6D 6D 61 6C 09 00 00 00 04 BD 35 1F 05 00 00 00 
00 00 00 00 00 00 00 00 00 00 00 00 40 00 00 00 
02 00 00 00 00 00 00 00 00 00 00 00 01 00 00 00 
60 79 69 1F 2C 88 69 1F 02 00 00 00 01 00 00 00 
01 00 00 00 80 88 69 1F 01 00 00 00 00 08 00 00 
00 00 00 00 14 00 00 00 00 40 01 00 02 00 00 00 
00 00 10 00 00 23 69 1F 08 00 36 1F 02 00 00 00 
03 00 00 00 48 32 36 34 00 00 00 00 A0 88 69 1F 
00 00 00 00 00 00 00 00 00 00 00 00 00 00 00 00 
00 00 00 00 00 00 00 00 00 00 00 00 00 00 00 00 
00 00 00 00 00 00 00 00 00 00 00 00 00 00 00 00 
00 00 00 00 00 00 00 00 00 00 00 00 00 00 00 00 
00 00 00 00 00 00 00 00 00 00 00 00 00 00 00 00 
00 00 00 00 00 00 00 00 00 00 00 00 00 00 00 00 
00 00 00 00 00 00 00 00 00 00 00 00 00 00 00 00 
00 00 00 00 00 00 00 00 00 00 00 00 00 00 00 00 
00 00 00 00 00 00 00 00 00 00 00 00 00 00 00 00 
00 00 00 00 00 00 00 00 00 00 00 00 00 00 00 00 
00 00 00 00 00 00 00 00 00 00 00 00 00 00 00 00 
00 00 00 00 00 00 00 00 00 00 00 00 


type                       0x00000003
encoding                   0x34363248
encoding_variant           0x00000000
es                         0x1F6988A0
bitrate                    0x00000000
flags                      0x00000000
extradata_size             0x00000000
extradata                  0x00000000
video.width                0x00000000
video.height               0x00000000
video.crop.x               0x00000000
video.crop.y               0x00000000
video.crop.width           0x00000000
video.crop.height          0x00000000
video.frame_rate.num       0x00000000
video.frame_rate.den       0x00000000
video.par.num              0x00000000
video.par.den              0x00000000
video.color_space          0x00000000

Set Input Port Success 0x00000003

Raw TX
6D 6D 61 6C 09 00 00 00 00 00 00 00 06 00 00 00 
00 00 00 00 00 00 00 00 40 00 00 00 03 00 00 00 
00 00 00 00 00 00 00 00 00 00 00 00 03 00 00 00 
00 00 00 00 01 00 00 00 00 00 00 00 02 00 00 00 
00 00 10 00 00 00 00 00 02 00 00 00 00 00 10 00 
02 00 00 00 00 00 10 00 00 00 00 00 00 00 00 00 
00 00 00 00 03 00 00 00 49 34 32 30 00 00 00 00 
00 00 00 00 00 00 00 00 00 00 00 00 00 00 00 00 
00 00 00 00 80 02 00 00 E0 01 00 00 00 00 00 00 
00 00 00 00 80 02 00 00 E0 01 00 00 00 00 00 00 
01 00 00 00 01 00 00 00 01 00 00 00 00 00 00 00 
00 00 00 00 00 00 00 00 00 00 00 00 00 00 00 00 
00 00 00 00 00 00 00 00 00 00 00 00 00 00 00 00 
00 00 00 00 00 00 00 00 00 00 00 00 00 00 00 00 
00 00 00 00 00 00 00 00 00 00 00 00 00 00 00 00 
00 00 00 00 00 00 00 00 00 00 00 00 00 00 00 00 
00 00 00 00 00 00 00 00 00 00 00 00 00 00 00 00 
00 00 00 00 00 00 00 00 00 00 00 00 00 00 00 00 
00 00 00 00 00 00 00 00 00 00 00 00 00 00 00 00 


Raw RX
6D 6D 61 6C 09 00 00 00 04 BD 35 1F 06 00 00 00 
00 00 00 00 00 00 00 00 00 00 00 00 40 00 00 00 
03 00 00 00 00 00 00 00 00 00 00 00 02 00 00 00 
A0 89 69 1F 6C 98 69 1F 03 00 00 00 02 00 00 00 
01 00 00 00 C0 98 69 1F 01 00 00 00 00 C2 01 00 
00 00 00 00 01 00 00 00 00 C2 01 00 02 00 00 00 
00 00 10 00 00 23 69 1F E4 00 36 1F 02 00 00 00 
03 00 00 00 49 34 32 30 00 00 00 00 E0 98 69 1F 
00 00 00 00 00 00 00 00 00 00 00 00 00 00 00 00 
80 02 00 00 E0 01 00 00 00 00 00 00 00 00 00 00 
80 02 00 00 E0 01 00 00 00 00 00 00 01 00 00 00 
01 00 00 00 01 00 00 00 00 00 00 00 00 00 00 00 
00 00 00 00 00 00 00 00 00 00 00 00 00 00 00 00 
00 00 00 00 00 00 00 00 00 00 00 00 00 00 00 00 
00 00 00 00 00 00 00 00 00 00 00 00 00 00 00 00 
00 00 00 00 00 00 00 00 00 00 00 00 00 00 00 00 
00 00 00 00 00 00 00 00 00 00 00 00 00 00 00 00 
00 00 00 00 00 00 00 00 00 00 00 00 00 00 00 00 
00 00 00 00 00 00 00 00 00 00 00 00 00 00 00 00 
00 00 00 00 00 00 00 00 00 00 00 00 


type                       0x00000003
encoding                   0x30323449
encoding_variant           0x00000000
es                         0x1F6998E0
bitrate                    0x00000000
flags                      0x00000000
extradata_size             0x00000000
extradata                  0x00000000
video.width                0x00000280
video.height               0x000001E0
video.crop.x               0x00000000
video.crop.y               0x00000000
video.crop.width           0x00000280
video.crop.height          0x000001E0
video.frame_rate.num       0x00000000
video.frame_rate.den       0x00000001
video.par.num              0x00000001
video.par.den              0x00000001
video.color_space          0x00000000

Set Output Port Success 0x00000003

----------------------------------------------------------------

Raw TX
6D 6D 61 6C 08 00 00 00 00 00 00 00 07 00 00 00 
00 00 00 00 00 00 00 00 40 00 00 00 02 00 00 00 
00 00 00 00 


Raw RX
6D 6D 61 6C 08 00 00 00 04 BD 35 1F 07 00 00 00 
00 00 00 00 00 00 00 00 00 00 00 00 40 00 00 00 
02 00 00 00 00 00 00 00 00 00 00 00 01 00 00 00 
60 79 69 1F 2C 88 69 1F 02 00 00 00 01 00 00 00 
01 00 00 00 80 88 69 1F 01 00 00 00 00 08 00 00 
00 00 00 00 14 00 00 00 00 40 01 00 02 00 00 00 
00 00 10 00 00 23 69 1F 08 00 36 1F 02 00 00 00 
03 00 00 00 48 32 36 34 00 00 00 00 A0 88 69 1F 
00 00 00 00 00 00 00 00 00 00 00 00 00 00 00 00 
00 00 00 00 00 00 00 00 00 00 00 00 00 00 00 00 
00 00 00 00 00 00 00 00 00 00 00 00 00 00 01 00 
00 00 00 00 00 00 00 00 00 00 00 00 00 00 00 00 
00 00 00 00 00 00 00 00 00 00 00 00 00 00 00 00 
00 00 00 00 00 00 00 00 00 00 00 00 00 00 00 00 
00 00 00 00 00 00 00 00 00 00 00 00 00 00 00 00 
00 00 00 00 00 00 00 00 00 00 00 00 00 00 00 00 
00 00 00 00 00 00 00 00 00 00 00 00 00 00 00 00 
00 00 00 00 00 00 00 00 00 00 00 00 00 00 00 00 
00 00 00 00 00 00 00 00 00 00 00 00 00 00 00 00 
00 00 00 00 00 00 00 00 00 00 00 00 

status                         0x00000000
component_handle               0x00000040
port_type                      0x00000002
port_index                     0x00000000
found                          0x00000000
port_handle                    0x00000001
port.priv                      0x1F697960
port.name                      0x1F69882C
port.type                      0x00000002
port.index                     0x00000001
port.index_all                 0x00000000
port.is_enabled                0x00000001
port.format                    0x1F698880
port.buffer_num_min            0x00000001
port.buffer_size_min           0x00000800
port.buffer_alignment_min      0x00000000
port.buffer_num_recommended    0x00000014
port.buffer_size_recommended   0x00014000
port.buffer_num              * 0x00000002
port.buffer_size             * 0x00100000
port.component                 0x1F692300
port.userdata                * 0x1F360008
port.capabilities              0x00000002
format.type                  * 0x00000003
format.encoding              * 0x34363248
format.encoding_variant      * 0x00000000
format.es                      0x1F6988A0
format.bitrate               * 0x00000000
format.flags                 * 0x00000000
format.extradata_size       ** 0x00000000
format.extradata            ** 0x00000000
es.video.width               * 0x00000000
es.video.height              * 0x00000000
es.video.crop.x              * 0x00000000
es.video.crop.y              * 0x00000000
es.video.crop.width          * 0x00000000
es.video.crop.height         * 0x00000000
es.video.frame_rate.num      * 0x00000000
es.video.frame_rate.den      * 0x00010000
es.video.par.num             * 0x00000000
es.video.par.den             * 0x00000000
es.video.color_space           0x00000000

extradata



Get Port Info Success! 0x00000001

Raw TX
6D 6D 61 6C 08 00 00 00 00 00 00 00 08 00 00 00 
00 00 00 00 00 00 00 00 40 00 00 00 03 00 00 00 
00 00 00 00 


Raw RX
6D 6D 61 6C 08 00 00 00 04 BD 35 1F 08 00 00 00 
00 00 00 00 00 00 00 00 00 00 00 00 40 00 00 00 
03 00 00 00 00 00 00 00 00 00 00 00 02 00 00 00 
A0 89 69 1F 6C 98 69 1F 03 00 00 00 02 00 00 00 
01 00 00 00 C0 98 69 1F 01 00 00 00 00 08 07 00 
00 00 00 00 01 00 00 00 00 08 07 00 02 00 00 00 
00 00 10 00 00 23 69 1F E4 00 36 1F 02 00 00 00 
03 00 00 00 49 34 32 30 00 00 00 00 E0 98 69 1F 
00 00 00 00 00 00 00 00 00 00 00 00 00 00 00 00 
80 02 00 00 E0 01 00 00 00 00 00 00 00 00 00 00 
80 02 00 00 E0 01 00 00 00 00 00 00 00 00 01 00 
00 00 00 00 00 00 00 00 00 00 00 00 00 00 00 00 
00 00 00 00 00 00 00 00 00 00 00 00 00 00 00 00 
00 00 00 00 00 00 00 00 00 00 00 00 00 00 00 00 
00 00 00 00 00 00 00 00 00 00 00 00 00 00 00 00 
00 00 00 00 00 00 00 00 00 00 00 00 00 00 00 00 
00 00 00 00 00 00 00 00 00 00 00 00 00 00 00 00 
00 00 00 00 00 00 00 00 00 00 00 00 00 00 00 00 
00 00 00 00 00 00 00 00 00 00 00 00 00 00 00 00 
00 00 00 00 00 00 00 00 00 00 00 00 

status                         0x00000000
component_handle               0x00000040
port_type                      0x00000003
port_index                     0x00000000
found                          0x00000000
port_handle                    0x00000002
port.priv                      0x1F6989A0
port.name                      0x1F69986C
port.type                      0x00000003
port.index                     0x00000002
port.index_all                 0x00000000
port.is_enabled                0x00000001
port.format                    0x1F6998C0
port.buffer_num_min            0x00000001
port.buffer_size_min           0x00070800
port.buffer_alignment_min      0x00000000
port.buffer_num_recommended    0x00000001
port.buffer_size_recommended   0x00070800
port.buffer_num              * 0x00000002
port.buffer_size             * 0x00100000
port.component                 0x1F692300
port.userdata                * 0x1F3600E4
port.capabilities              0x00000002
format.type                  * 0x00000003
format.encoding              * 0x30323449
format.encoding_variant      * 0x00000000
format.es                      0x1F6998E0
format.bitrate               * 0x00000000
format.flags                 * 0x00000000
format.extradata_size       ** 0x00000000
format.extradata            ** 0x00000000
es.video.width               * 0x00000280
es.video.height              * 0x000001E0
es.video.crop.x              * 0x00000000
es.video.crop.y              * 0x00000000
es.video.crop.width          * 0x00000280
es.video.crop.height         * 0x000001E0
es.video.frame_rate.num      * 0x00000000
es.video.frame_rate.den      * 0x00010000
es.video.par.num             * 0x00000000
es.video.par.den             * 0x00000000
es.video.color_space           0x00000000

extradata



Get Port Info Success! 0x00000002

----------------------------------------------------------------
